    0.325490     0.325490     0.325490
    0.321569     0.325490     0.325490
    0.317647     0.325490     0.325490
    0.313725     0.325490     0.325490
    0.309804     0.325490     0.325490
    0.305882     0.325490     0.325490
    0.301961     0.325490     0.325490
    0.298039     0.325490     0.325490
    0.294118     0.325490     0.325490
    0.290196     0.325490     0.325490
    0.286275     0.325490     0.325490
    0.282353     0.325490     0.325490
    0.278431     0.325490     0.325490
    0.274510     0.325490     0.325490
    0.270588     0.325490     0.325490
    0.266667     0.325490     0.325490
    0.262745     0.325490     0.325490
    0.258824     0.325490     0.325490
    0.254902     0.325490     0.325490
    0.250980     0.325490     0.325490
    0.247059     0.325490     0.325490
    0.243137     0.325490     0.325490
    0.239216     0.325490     0.325490
    0.235294     0.325490     0.325490
    0.231373     0.325490     0.325490
    0.227451     0.325490     0.325490
    0.223529     0.325490     0.325490
    0.219608     0.325490     0.325490
    0.215686     0.325490     0.325490
    0.211765     0.325490     0.325490
    0.207843     0.325490     0.325490
    0.203922     0.325490     0.325490
    0.200000     0.325490     0.325490
    0.196078     0.325490     0.325490
    0.192157     0.325490     0.325490
    0.188235     0.325490     0.325490
    0.184314     0.325490     0.325490
    0.180392     0.325490     0.325490
    0.176471     0.325490     0.325490
    0.172549     0.325490     0.325490
    0.168627     0.325490     0.325490
    0.164706     0.325490     0.325490
    0.160784     0.325490     0.325490
    0.156863     0.325490     0.325490
    0.152941     0.325490     0.325490
    0.149020     0.325490     0.325490
    0.145098     0.325490     0.325490
    0.141176     0.325490     0.325490
    0.137255     0.325490     0.325490
    0.133333     0.325490     0.325490
    0.129412     0.325490     0.325490
    0.125490     0.325490     0.325490
    0.121569     0.325490     0.325490
    0.117647     0.325490     0.325490
    0.113725     0.325490     0.325490
    0.109804     0.325490     0.325490
    0.105882     0.325490     0.325490
    0.101961     0.325490     0.325490
    0.098039     0.325490     0.325490
    0.094118     0.325490     0.325490
    0.090196     0.325490     0.325490
    0.086275     0.325490     0.325490
    0.082353     0.325490     0.325490
    0.078431     0.325490     0.325490
    0.074510     0.325490     0.325490
    0.070588     0.325490     0.325490
    0.066667     0.325490     0.325490
    0.062745     0.325490     0.325490
    0.058824     0.325490     0.325490
    0.054902     0.325490     0.325490
    0.050980     0.325490     0.325490
    0.047059     0.325490     0.325490
    0.043137     0.325490     0.325490
    0.039216     0.325490     0.325490
    0.035294     0.325490     0.325490
    0.031373     0.325490     0.325490
    0.027451     0.325490     0.325490
    0.023529     0.325490     0.325490
    0.019608     0.325490     0.325490
    0.015686     0.325490     0.325490
    0.011765     0.325490     0.325490
    0.007843     0.325490     0.325490
    0.003922     0.325490     0.325490
    0.000000     0.325490     0.325490
   -0.003922     0.325490     0.325490
    0.258824     0.403922     0.639216
    0.254902     0.403922     0.643137
    0.250980     0.403922     0.647059
    0.247059     0.403922     0.650980
    0.243137     0.403922     0.654902
    0.239216     0.403922     0.658824
    0.235294     0.403922     0.662745
    0.231373     0.403922     0.666667
    0.227451     0.403922     0.670588
    0.223529     0.403922     0.674510
    0.219608     0.403922     0.678431
    0.215686     0.403922     0.682353
    0.211765     0.403922     0.686275
    0.207843     0.403922     0.690196
    0.203922     0.403922     0.694118
    0.200000     0.403922     0.698039
    0.196078     0.403922     0.701961
    0.192157     0.403922     0.705882
    0.188235     0.403922     0.709804
    0.184314     0.403922     0.713725
    0.180392     0.403922     0.717647
    0.176471     0.403922     0.721569
    0.172549     0.403922     0.725490
    0.168627     0.403922     0.729412
    0.164706     0.403922     0.733333
    0.160784     0.403922     0.737255
    0.156863     0.403922     0.741176
    0.152941     0.403922     0.745098
    0.149020     0.403922     0.749020
    0.145098     0.403922     0.752941
    0.141176     0.403922     0.756863
    0.137255     0.403922     0.760784
    0.133333     0.403922     0.764706
    0.129412     0.403922     0.768627
    0.125490     0.403922     0.772549
    0.121569     0.403922     0.776471
    0.117647     0.403922     0.780392
    0.113725     0.403922     0.784314
    0.109804     0.403922     0.788235
    0.105882     0.403922     0.792157
    0.101961     0.403922     0.796078
    0.098039     0.403922     0.800000
    0.094118     0.403922     0.803922
    0.090196     0.403922     0.807843
    0.086275     0.403922     0.811765
    0.082353     0.403922     0.815686
    0.078431     0.403922     0.819608
    0.074510     0.403922     0.823529
    0.070588     0.403922     0.827451
    0.066667     0.403922     0.831373
    0.062745     0.403922     0.835294
    0.058824     0.403922     0.839216
    0.054902     0.403922     0.843137
    0.050980     0.403922     0.847059
    0.047059     0.403922     0.850980
    0.043137     0.403922     0.854902
    0.039216     0.403922     0.858824
    0.035294     0.403922     0.862745
    0.031373     0.403922     0.866667
    0.027451     0.403922     0.870588
    0.023529     0.403922     0.874510
    0.019608     0.403922     0.878431
    0.015686     0.403922     0.882353
    0.011765     0.403922     0.886275
    0.007843     0.403922     0.890196
    0.003922     0.403922     0.894118
    0.000000     0.403922     0.898039
   -0.003922     0.403922     0.901961
   -0.007843     0.403922     0.905882
   -0.011765     0.403922     0.909804
   -0.015686     0.403922     0.913725
   -0.019608     0.403922     0.917647
   -0.023529     0.403922     0.921569
   -0.027451     0.403922     0.925490
   -0.031373     0.403922     0.929412
   -0.035294     0.403922     0.933333
   -0.039216     0.403922     0.937255
   -0.043137     0.403922     0.941176
   -0.047059     0.403922     0.945098
   -0.050980     0.403922     0.949020
   -0.054902     0.403922     0.952941
   -0.058824     0.403922     0.956863
   -0.062745     0.403922     0.960784
   -0.066667     0.403922     0.964706
   -0.070588     0.403922     0.968627
    0.180392     0.494118     1.000000
    0.180392     0.494118     0.996078
    0.180392     0.494118     0.992157
    0.180392     0.494118     0.988235
    0.180392     0.494118     0.984314
    0.180392     0.494118     0.980392
    0.180392     0.494118     0.976471
    0.180392     0.494118     0.972549
    0.180392     0.494118     0.968627
    0.180392     0.494118     0.964706
    0.180392     0.494118     0.960784
    0.180392     0.494118     0.956863
    0.180392     0.494118     0.952941
    0.180392     0.494118     0.949020
    0.180392     0.494118     0.945098
    0.180392     0.494118     0.941176
    0.180392     0.494118     0.937255
    0.180392     0.494118     0.933333
    0.180392     0.494118     0.929412
    0.180392     0.494118     0.925490
    0.180392     0.494118     0.921569
    0.180392     0.494118     0.917647
    0.180392     0.494118     0.913725
    0.180392     0.494118     0.909804
    0.180392     0.494118     0.905882
    0.180392     0.494118     0.901961
    0.180392     0.494118     0.898039
    0.180392     0.494118     0.894118
    0.180392     0.494118     0.890196
    0.180392     0.494118     0.886275
    0.180392     0.494118     0.882353
    0.180392     0.494118     0.878431
    0.180392     0.494118     0.874510
    0.180392     0.494118     0.870588
    0.180392     0.494118     0.866667
    0.180392     0.494118     0.862745
    0.180392     0.494118     0.858824
    0.180392     0.494118     0.854902
    0.180392     0.494118     0.850980
    0.180392     0.494118     0.847059
    0.180392     0.494118     0.843137
    0.180392     0.494118     0.839216
    0.180392     0.494118     0.835294
    0.180392     0.494118     0.831373
    0.180392     0.494118     0.827451
    0.180392     0.494118     0.823529
    0.180392     0.494118     0.819608
    0.180392     0.494118     0.815686
    0.180392     0.494118     0.811765
    0.180392     0.494118     0.807843
    0.180392     0.494118     0.803922
    0.180392     0.494118     0.800000
    0.180392     0.494118     0.796078
    0.180392     0.494118     0.792157
    0.180392     0.494118     0.788235
    0.180392     0.494118     0.784314
    0.180392     0.494118     0.780392
    0.180392     0.494118     0.776471
    0.180392     0.494118     0.772549
    0.180392     0.494118     0.768627
    0.180392     0.494118     0.764706
    0.180392     0.494118     0.760784
    0.180392     0.494118     0.756863
    0.180392     0.494118     0.752941
    0.180392     0.494118     0.749020
    0.180392     0.494118     0.745098
    0.180392     0.494118     0.741176
    0.180392     0.494118     0.737255
    0.180392     0.494118     0.733333
    0.180392     0.494118     0.729412
    0.180392     0.494118     0.725490
    0.180392     0.494118     0.721569
    0.180392     0.494118     0.717647
    0.180392     0.494118     0.713725
    0.180392     0.494118     0.709804
    0.180392     0.494118     0.705882
    0.180392     0.494118     0.701961
    0.180392     0.494118     0.698039
    0.180392     0.494118     0.694118
    0.180392     0.494118     0.690196
    0.180392     0.494118     0.686275
    0.180392     0.494118     0.682353
    0.180392     0.494118     0.678431
    0.180392     0.494118     0.674510
    0.180392     0.494118     0.670588
    0.305882     0.635294     0.980392
    0.305882     0.635294     0.976471
    0.305882     0.635294     0.972549
    0.305882     0.635294     0.968627
    0.305882     0.635294     0.964706
    0.305882     0.635294     0.960784
    0.305882     0.635294     0.956863
    0.305882     0.635294     0.952941
    0.305882     0.635294     0.949020
    0.305882     0.635294     0.945098
    0.305882     0.635294     0.941176
    0.305882     0.635294     0.937255
    0.305882     0.635294     0.933333
    0.305882     0.635294     0.929412
    0.305882     0.635294     0.925490
    0.305882     0.635294     0.921569
    0.305882     0.635294     0.917647
    0.305882     0.635294     0.913725
    0.305882     0.635294     0.909804
    0.305882     0.635294     0.905882
    0.305882     0.635294     0.901961
    0.305882     0.635294     0.898039
    0.305882     0.635294     0.894118
    0.305882     0.635294     0.890196
    0.305882     0.635294     0.886275
    0.305882     0.635294     0.882353
    0.305882     0.635294     0.878431
    0.305882     0.635294     0.874510
    0.305882     0.635294     0.870588
    0.305882     0.635294     0.866667
    0.305882     0.635294     0.862745
    0.305882     0.635294     0.858824
    0.305882     0.635294     0.854902
    0.305882     0.635294     0.850980
    0.305882     0.635294     0.847059
    0.305882     0.635294     0.843137
    0.305882     0.635294     0.839216
    0.305882     0.635294     0.835294
    0.305882     0.635294     0.831373
    0.305882     0.635294     0.827451
    0.305882     0.635294     0.823529
    0.305882     0.635294     0.819608
    0.305882     0.635294     0.815686
    0.305882     0.635294     0.811765
    0.305882     0.635294     0.807843
    0.305882     0.635294     0.803922
    0.305882     0.635294     0.800000
    0.305882     0.635294     0.796078
    0.305882     0.635294     0.792157
    0.305882     0.635294     0.788235
    0.305882     0.635294     0.784314
    0.305882     0.635294     0.780392
    0.305882     0.635294     0.776471
    0.305882     0.635294     0.772549
    0.305882     0.635294     0.768627
    0.305882     0.635294     0.764706
    0.305882     0.635294     0.760784
    0.305882     0.635294     0.756863
    0.305882     0.635294     0.752941
    0.305882     0.635294     0.749020
    0.305882     0.635294     0.745098
    0.305882     0.635294     0.741176
    0.305882     0.635294     0.737255
    0.305882     0.635294     0.733333
    0.305882     0.635294     0.729412
    0.305882     0.635294     0.725490
    0.305882     0.635294     0.721569
    0.305882     0.635294     0.717647
    0.305882     0.635294     0.713725
    0.305882     0.635294     0.709804
    0.305882     0.635294     0.705882
    0.305882     0.635294     0.701961
    0.305882     0.635294     0.698039
    0.305882     0.635294     0.694118
    0.305882     0.635294     0.690196
    0.305882     0.635294     0.686275
    0.305882     0.635294     0.682353
    0.305882     0.635294     0.678431
    0.305882     0.635294     0.674510
    0.305882     0.635294     0.670588
    0.305882     0.635294     0.666667
    0.305882     0.635294     0.662745
    0.305882     0.635294     0.658824
    0.305882     0.635294     0.654902
    0.305882     0.635294     0.650980
    0.415686     0.756863     0.964706
    0.415686     0.756863     0.960784
    0.415686     0.756863     0.956863
    0.415686     0.756863     0.952941
    0.415686     0.756863     0.949020
    0.415686     0.756863     0.945098
    0.415686     0.756863     0.941176
    0.415686     0.756863     0.937255
    0.415686     0.756863     0.933333
    0.415686     0.756863     0.929412
    0.415686     0.756863     0.925490
    0.415686     0.756863     0.921569
    0.415686     0.756863     0.917647
    0.415686     0.756863     0.913725
    0.415686     0.756863     0.909804
    0.415686     0.756863     0.905882
    0.415686     0.756863     0.901961
    0.415686     0.756863     0.898039
    0.415686     0.756863     0.894118
    0.415686     0.756863     0.890196
    0.415686     0.756863     0.886275
    0.415686     0.756863     0.882353
    0.415686     0.756863     0.878431
    0.415686     0.756863     0.874510
    0.415686     0.756863     0.870588
    0.415686     0.756863     0.866667
    0.415686     0.756863     0.862745
    0.415686     0.756863     0.858824
    0.415686     0.756863     0.854902
    0.415686     0.756863     0.850980
    0.415686     0.756863     0.847059
    0.415686     0.756863     0.843137
    0.415686     0.756863     0.839216
    0.415686     0.756863     0.835294
    0.415686     0.756863     0.831373
    0.415686     0.756863     0.827451
    0.415686     0.756863     0.823529
    0.415686     0.756863     0.819608
    0.415686     0.756863     0.815686
    0.415686     0.756863     0.811765
    0.415686     0.756863     0.807843
    0.415686     0.756863     0.803922
    0.415686     0.756863     0.800000
    0.415686     0.756863     0.796078
    0.415686     0.756863     0.792157
    0.415686     0.756863     0.788235
    0.415686     0.756863     0.784314
    0.415686     0.756863     0.780392
    0.415686     0.756863     0.776471
    0.415686     0.756863     0.772549
    0.415686     0.756863     0.768627
    0.415686     0.756863     0.764706
    0.415686     0.756863     0.760784
    0.415686     0.756863     0.756863
    0.415686     0.756863     0.752941
    0.415686     0.756863     0.749020
    0.415686     0.756863     0.745098
    0.415686     0.756863     0.741176
    0.415686     0.756863     0.737255
    0.415686     0.756863     0.733333
    0.415686     0.756863     0.729412
    0.415686     0.756863     0.725490
    0.415686     0.756863     0.721569
    0.415686     0.756863     0.717647
    0.415686     0.756863     0.713725
    0.415686     0.756863     0.709804
    0.415686     0.756863     0.705882
    0.415686     0.756863     0.701961
    0.415686     0.756863     0.698039
    0.415686     0.756863     0.694118
    0.415686     0.756863     0.690196
    0.415686     0.756863     0.686275
    0.415686     0.756863     0.682353
    0.415686     0.756863     0.678431
    0.415686     0.756863     0.674510
    0.415686     0.756863     0.670588
    0.415686     0.756863     0.666667
    0.415686     0.756863     0.662745
    0.415686     0.756863     0.658824
    0.415686     0.756863     0.654902
    0.415686     0.756863     0.650980
    0.415686     0.756863     0.647059
    0.415686     0.756863     0.643137
    0.415686     0.756863     0.639216
    0.415686     0.756863     0.635294
    0.529412     0.882353     0.945098
    0.529412     0.882353     0.945098
    0.529412     0.882353     0.945098
    0.529412     0.882353     0.945098
    0.529412     0.882353     0.945098
    0.529412     0.882353     0.945098
    0.529412     0.882353     0.945098
    0.529412     0.882353     0.945098
    0.529412     0.882353     0.945098
    0.529412     0.882353     0.945098
    0.529412     0.882353     0.945098
    0.529412     0.882353     0.945098
    0.529412     0.882353     0.945098
    0.529412     0.882353     0.945098
    0.529412     0.882353     0.945098
    0.529412     0.882353     0.945098
    0.529412     0.882353     0.945098
    0.529412     0.882353     0.945098
    0.529412     0.882353     0.945098
    0.529412     0.882353     0.945098
    0.529412     0.882353     0.945098
    0.529412     0.882353     0.945098
    0.529412     0.882353     0.945098
    0.529412     0.882353     0.945098
    0.529412     0.882353     0.945098
    0.529412     0.882353     0.945098
    0.529412     0.882353     0.945098
    0.529412     0.882353     0.945098
    0.529412     0.882353     0.945098
    0.529412     0.882353     0.945098
    0.529412     0.882353     0.945098
    0.529412     0.882353     0.945098
    0.529412     0.882353     0.945098
    0.529412     0.882353     0.945098
    0.529412     0.882353     0.945098
    0.529412     0.882353     0.945098
    0.529412     0.882353     0.945098
    0.529412     0.882353     0.945098
    0.529412     0.882353     0.945098
    0.529412     0.882353     0.945098
    0.529412     0.882353     0.945098
    0.529412     0.882353     0.945098
    0.529412     0.882353     0.945098
    0.529412     0.882353     0.945098
    0.529412     0.882353     0.945098
    0.529412     0.882353     0.945098
    0.529412     0.882353     0.945098
    0.529412     0.882353     0.945098
    0.529412     0.882353     0.945098
    0.529412     0.882353     0.945098
    0.529412     0.882353     0.945098
    0.529412     0.882353     0.945098
    0.529412     0.882353     0.945098
    0.529412     0.882353     0.945098
    0.529412     0.882353     0.945098
    0.529412     0.882353     0.945098
    0.529412     0.882353     0.945098
    0.529412     0.882353     0.945098
    0.529412     0.882353     0.945098
    0.529412     0.882353     0.945098
    0.529412     0.882353     0.945098
    0.529412     0.882353     0.945098
    0.529412     0.882353     0.945098
    0.529412     0.882353     0.945098
    0.529412     0.882353     0.945098
    0.529412     0.882353     0.945098
    0.529412     0.882353     0.945098
    0.529412     0.882353     0.945098
    0.529412     0.882353     0.945098
    0.529412     0.882353     0.945098
    0.529412     0.882353     0.945098
    0.529412     0.882353     0.945098
    0.529412     0.882353     0.945098
    0.529412     0.882353     0.945098
    0.529412     0.882353     0.945098
    0.529412     0.882353     0.945098
    0.529412     0.882353     0.945098
    0.529412     0.882353     0.945098
    0.529412     0.882353     0.945098
    0.529412     0.882353     0.945098
    0.529412     0.882353     0.945098
    0.529412     0.882353     0.945098
    0.529412     0.882353     0.945098
    0.529412     0.882353     0.945098
    0.529412     0.882353     0.945098
    0.576471     0.992157     1.000000