    0.000000     0.000000     0.000000
    0.007751     0.001845     0.000692
    0.015502     0.003691     0.001384
    0.023253     0.005536     0.002076
    0.031003     0.007382     0.002768
    0.038754     0.009227     0.003460
    0.046505     0.011073     0.004152
    0.054256     0.012918     0.004844
    0.062007     0.014764     0.005536
    0.069758     0.016609     0.006228
    0.077509     0.018454     0.006920
    0.085260     0.020300     0.007612
    0.093010     0.022145     0.008304
    0.100761     0.023991     0.008997
    0.108512     0.025836     0.009689
    0.116263     0.027682     0.010381
    0.124014     0.029527     0.011073
    0.131765     0.031373     0.011765
    0.139516     0.033218     0.012457
    0.147266     0.035063     0.013149
    0.155017     0.036909     0.013841
    0.162768     0.038754     0.014533
    0.170519     0.040600     0.015225
    0.178270     0.042445     0.015917
    0.186021     0.044291     0.016609
    0.193772     0.046136     0.017301
    0.201522     0.047982     0.017993
    0.209273     0.049827     0.018685
    0.217024     0.051672     0.019377
    0.224775     0.053518     0.020069
    0.232526     0.055363     0.020761
    0.240277     0.057209     0.021453
    0.248028     0.059054     0.022145
    0.255779     0.060900     0.022837
    0.263529     0.062745     0.023529
    0.271280     0.064591     0.024221
    0.279031     0.066436     0.024913
    0.286782     0.068281     0.025606
    0.294533     0.070127     0.026298
    0.302284     0.071972     0.026990
    0.310035     0.073818     0.027682
    0.317785     0.075663     0.028374
    0.325536     0.077509     0.029066
    0.333287     0.079354     0.029758
    0.341038     0.081200     0.030450
    0.348789     0.083045     0.031142
    0.356540     0.084890     0.031834
    0.364291     0.086736     0.032526
    0.372042     0.088581     0.033218
    0.379792     0.090427     0.033910
    0.387543     0.092272     0.034602
    0.395294     0.094118     0.035294
    0.403045     0.095963     0.035986
    0.410796     0.097809     0.036678
    0.418547     0.099654     0.037370
    0.426298     0.101499     0.038062
    0.434048     0.103345     0.038754
    0.441799     0.105190     0.039446
    0.449550     0.107036     0.040138
    0.457301     0.108881     0.040830
    0.465052     0.110727     0.041522
    0.472803     0.112572     0.042215
    0.480554     0.114418     0.042907
    0.488304     0.116263     0.043599
    0.496055     0.118108     0.044291
    0.503806     0.119954     0.044983
    0.511557     0.121799     0.045675
    0.519308     0.123645     0.046367
    0.527059     0.125490     0.047059
    0.534810     0.127336     0.047751
    0.542561     0.129181     0.048443
    0.550311     0.131027     0.049135
    0.558062     0.132872     0.049827
    0.565813     0.134717     0.050519
    0.573564     0.136563     0.051211
    0.581315     0.138408     0.051903
    0.589066     0.140254     0.052595
    0.596817     0.142099     0.053287
    0.604567     0.143945     0.053979
    0.612318     0.145790     0.054671
    0.620069     0.147636     0.055363
    0.627820     0.149481     0.056055
    0.635571     0.151326     0.056747
    0.643322     0.153172     0.057439
    0.651073     0.155017     0.058131
    0.658824     0.156863     0.058824
    0.662284     0.163968     0.062422
    0.665744     0.171073     0.066021
    0.669204     0.178178     0.069619
    0.672664     0.185283     0.073218
    0.676125     0.192388     0.076817
    0.679585     0.199493     0.080415
    0.683045     0.206597     0.084014
    0.686505     0.213702     0.087612
    0.689965     0.220807     0.091211
    0.693426     0.227912     0.094810
    0.696886     0.235017     0.098408
    0.700346     0.242122     0.102007
    0.703806     0.249227     0.105606
    0.707266     0.256332     0.109204
    0.710727     0.263437     0.112803
    0.714187     0.270542     0.116401
    0.717647     0.277647     0.120000
    0.721107     0.284752     0.123599
    0.724567     0.291857     0.127197
    0.728028     0.298962     0.130796
    0.731488     0.306067     0.134394
    0.734948     0.313172     0.137993
    0.738408     0.320277     0.141592
    0.741869     0.327382     0.145190
    0.745329     0.334487     0.148789
    0.748789     0.341592     0.152388
    0.752249     0.348697     0.155986
    0.755709     0.355802     0.159585
    0.759170     0.362907     0.163183
    0.762630     0.370012     0.166782
    0.766090     0.377116     0.170381
    0.769550     0.384221     0.173979
    0.773010     0.391326     0.177578
    0.776471     0.398431     0.181176
    0.779931     0.405536     0.184775
    0.783391     0.412641     0.188374
    0.786851     0.419746     0.191972
    0.790311     0.426851     0.195571
    0.793772     0.433956     0.199170
    0.797232     0.441061     0.202768
    0.800692     0.448166     0.206367
    0.804152     0.455271     0.209965
    0.807612     0.462376     0.213564
    0.811073     0.469481     0.217163
    0.814533     0.476586     0.220761
    0.817993     0.483691     0.224360
    0.821453     0.490796     0.227958
    0.824913     0.497901     0.231557
    0.828374     0.505006     0.235156
    0.831834     0.512111     0.238754
    0.835294     0.519216     0.242353
    0.838754     0.526321     0.245952
    0.842215     0.533426     0.249550
    0.845675     0.540531     0.253149
    0.849135     0.547636     0.256747
    0.852595     0.554740     0.260346
    0.856055     0.561845     0.263945
    0.859516     0.568950     0.267543
    0.862976     0.576055     0.271142
    0.866436     0.583160     0.274740
    0.869896     0.590265     0.278339
    0.873356     0.597370     0.281938
    0.876817     0.604475     0.285536
    0.880277     0.611580     0.289135
    0.883737     0.618685     0.292734
    0.887197     0.625790     0.296332
    0.890657     0.632895     0.299931
    0.894118     0.640000     0.303529
    0.897578     0.647105     0.307128
    0.901038     0.654210     0.310727
    0.904498     0.661315     0.314325
    0.907958     0.668420     0.317924
    0.911419     0.675525     0.321522
    0.914879     0.682630     0.325121
    0.918339     0.689735     0.328720
    0.921799     0.696840     0.332318
    0.925260     0.703945     0.335917
    0.928720     0.711050     0.339516
    0.932180     0.718155     0.343114
    0.935640     0.725260     0.346713
    0.939100     0.732364     0.350311
    0.942561     0.739469     0.353910
    0.946021     0.746574     0.357509
    0.949481     0.753679     0.361107
    0.952941     0.760784     0.364706
    0.953488     0.763566     0.372093
    0.954036     0.766347     0.379480
    0.954583     0.769129     0.386867
    0.955130     0.771911     0.394254
    0.955677     0.774692     0.401642
    0.956224     0.777474     0.409029
    0.956772     0.780255     0.416416
    0.957319     0.783037     0.423803
    0.957866     0.785819     0.431190
    0.958413     0.788600     0.438577
    0.958960     0.791382     0.445964
    0.959508     0.794163     0.453352
    0.960055     0.796945     0.460739
    0.960602     0.799726     0.468126
    0.961149     0.802508     0.475513
    0.961696     0.805290     0.482900
    0.962244     0.808071     0.490287
    0.962791     0.810853     0.497674
    0.963338     0.813634     0.505062
    0.963885     0.816416     0.512449
    0.964432     0.819197     0.519836
    0.964979     0.821979     0.527223
    0.965527     0.824761     0.534610
    0.966074     0.827542     0.541997
    0.966621     0.830324     0.549384
    0.967168     0.833105     0.556772
    0.967715     0.835887     0.564159
    0.968263     0.838668     0.571546
    0.968810     0.841450     0.578933
    0.969357     0.844232     0.586320
    0.969904     0.847013     0.593707
    0.970451     0.849795     0.601094
    0.970999     0.852576     0.608482
    0.971546     0.855358     0.615869
    0.972093     0.858140     0.623256
    0.972640     0.860921     0.630643
    0.973187     0.863703     0.638030
    0.973735     0.866484     0.645417
    0.974282     0.869266     0.652804
    0.974829     0.872047     0.660192
    0.975376     0.874829     0.667579
    0.975923     0.877611     0.674966
    0.976471     0.880392     0.682353
    0.977018     0.883174     0.689740
    0.977565     0.885955     0.697127
    0.978112     0.888737     0.704514
    0.978659     0.891518     0.711902
    0.979207     0.894300     0.719289
    0.979754     0.897082     0.726676
    0.980301     0.899863     0.734063
    0.980848     0.902645     0.741450
    0.981395     0.905426     0.748837
    0.981943     0.908208     0.756224
    0.982490     0.910990     0.763611
    0.983037     0.913771     0.770999
    0.983584     0.916553     0.778386
    0.984131     0.919334     0.785773
    0.984679     0.922116     0.793160
    0.985226     0.924897     0.800547
    0.985773     0.927679     0.807934
    0.986320     0.930461     0.815321
    0.986867     0.933242     0.822709
    0.987415     0.936024     0.830096
    0.987962     0.938805     0.837483
    0.988509     0.941587     0.844870
    0.989056     0.944368     0.852257
    0.989603     0.947150     0.859644
    0.990150     0.949932     0.867031
    0.990698     0.952713     0.874419
    0.991245     0.955495     0.881806
    0.991792     0.958276     0.889193
    0.992339     0.961058     0.896580
    0.992886     0.963839     0.903967
    0.993434     0.966621     0.911354
    0.993981     0.969403     0.918741
    0.994528     0.972184     0.926129
    0.995075     0.974966     0.933516
    0.995622     0.977747     0.940903
    0.996170     0.980529     0.948290
    0.996717     0.983311     0.955677
    0.997264     0.986092     0.963064
    0.997811     0.988874     0.970451
    0.998358     0.991655     0.977839
    0.998906     0.994437     0.985226
    0.999453     0.997218     0.992613
