    0.305882     0.000000     0.623529
    0.304406     0.005813     0.627958
    0.302930     0.011626     0.632388
    0.301453     0.017439     0.636817
    0.299977     0.023253     0.641246
    0.298501     0.029066     0.645675
    0.297024     0.034879     0.650104
    0.295548     0.040692     0.654533
    0.294072     0.046505     0.658962
    0.292595     0.052318     0.663391
    0.291119     0.058131     0.667820
    0.289642     0.063945     0.672249
    0.288166     0.069758     0.676678
    0.286690     0.075571     0.681107
    0.285213     0.081384     0.685536
    0.283737     0.087197     0.689965
    0.282261     0.093010     0.694394
    0.280784     0.098824     0.698824
    0.279308     0.104637     0.703253
    0.277832     0.110450     0.707682
    0.276355     0.116263     0.712111
    0.274879     0.122076     0.716540
    0.273403     0.127889     0.720969
    0.271926     0.133702     0.725398
    0.270450     0.139516     0.729827
    0.268973     0.145329     0.734256
    0.267497     0.151142     0.738685
    0.266021     0.156955     0.743114
    0.264544     0.162768     0.747543
    0.263068     0.168581     0.751972
    0.261592     0.174394     0.756401
    0.260115     0.180208     0.760830
    0.258639     0.186021     0.765260
    0.257163     0.191834     0.769689
    0.255686     0.197647     0.774118
    0.254210     0.203460     0.778547
    0.252734     0.209273     0.782976
    0.251257     0.215087     0.787405
    0.249781     0.220900     0.791834
    0.248304     0.226713     0.796263
    0.246828     0.232526     0.800692
    0.245352     0.238339     0.805121
    0.243875     0.244152     0.809550
    0.242399     0.249965     0.813979
    0.240923     0.255779     0.818408
    0.239446     0.261592     0.822837
    0.237970     0.267405     0.827266
    0.236494     0.273218     0.831696
    0.235017     0.279031     0.836125
    0.233541     0.284844     0.840554
    0.232065     0.290657     0.844983
    0.230588     0.296471     0.849412
    0.229112     0.302284     0.853841
    0.227636     0.308097     0.858270
    0.226159     0.313910     0.862699
    0.224683     0.319723     0.867128
    0.223206     0.325536     0.871557
    0.221730     0.331349     0.875986
    0.220254     0.337163     0.880415
    0.218777     0.342976     0.884844
    0.217301     0.348789     0.889273
    0.215825     0.354602     0.893702
    0.214348     0.360415     0.898131
    0.212872     0.366228     0.902561
    0.211396     0.372042     0.906990
    0.209919     0.377855     0.911419
    0.208443     0.383668     0.915848
    0.206967     0.389481     0.920277
    0.205490     0.395294     0.924706
    0.204014     0.401107     0.929135
    0.202537     0.406920     0.933564
    0.201061     0.412734     0.937993
    0.199585     0.418547     0.942422
    0.198108     0.424360     0.946851
    0.196632     0.430173     0.951280
    0.195156     0.435986     0.955709
    0.193679     0.441799     0.960138
    0.192203     0.447612     0.964567
    0.190727     0.453426     0.968997
    0.189250     0.459239     0.973426
    0.187774     0.465052     0.977855
    0.186298     0.470865     0.982284
    0.184821     0.476678     0.986713
    0.183345     0.482491     0.991142
    0.181869     0.488304     0.995571
    0.180392     0.494118     1.000000
    0.185698     0.500069     0.999170
    0.191003     0.506021     0.998339
    0.196309     0.511972     0.997509
    0.201615     0.517924     0.996678
    0.206920     0.523875     0.995848
    0.212226     0.529827     0.995017
    0.217532     0.535779     0.994187
    0.222837     0.541730     0.993356
    0.228143     0.547682     0.992526
    0.233449     0.553633     0.991696
    0.238754     0.559585     0.990865
    0.244060     0.565536     0.990035
    0.249366     0.571488     0.989204
    0.254671     0.577439     0.988374
    0.259977     0.583391     0.987543
    0.265283     0.589343     0.986713
    0.270588     0.595294     0.985882
    0.275894     0.601246     0.985052
    0.281200     0.607197     0.984221
    0.286505     0.613149     0.983391
    0.291811     0.619100     0.982561
    0.297116     0.625052     0.981730
    0.302422     0.631003     0.980900
    0.307728     0.636955     0.980069
    0.313033     0.642907     0.979239
    0.318339     0.648858     0.978408
    0.323645     0.654810     0.977578
    0.328950     0.660761     0.976747
    0.334256     0.666713     0.975917
    0.339562     0.672664     0.975087
    0.344867     0.678616     0.974256
    0.350173     0.684567     0.973426
    0.355479     0.690519     0.972595
    0.360784     0.696471     0.971765
    0.366090     0.702422     0.970934
    0.371396     0.708374     0.970104
    0.376701     0.714325     0.969273
    0.382007     0.720277     0.968443
    0.387313     0.726228     0.967612
    0.392618     0.732180     0.966782
    0.397924     0.738131     0.965952
    0.403230     0.744083     0.965121
    0.408535     0.750035     0.964291
    0.413841     0.755986     0.963460
    0.419146     0.761938     0.962630
    0.424452     0.767889     0.961799
    0.429758     0.773841     0.960969
    0.435063     0.779792     0.960138
    0.440369     0.785744     0.959308
    0.445675     0.791696     0.958478
    0.450980     0.797647     0.957647
    0.456286     0.803599     0.956817
    0.461592     0.809550     0.955986
    0.466897     0.815502     0.955156
    0.472203     0.821453     0.954325
    0.477509     0.827405     0.953495
    0.482814     0.833356     0.952664
    0.488120     0.839308     0.951834
    0.493426     0.845260     0.951003
    0.498731     0.851211     0.950173
    0.504037     0.857163     0.949343
    0.509343     0.863114     0.948512
    0.514648     0.869066     0.947682
    0.519954     0.875017     0.946851
    0.525260     0.880969     0.946021
    0.530565     0.886920     0.945190
    0.535871     0.892872     0.944360
    0.541176     0.898824     0.943529
    0.546482     0.904775     0.942699
    0.551788     0.910727     0.941869
    0.557093     0.916678     0.941038
    0.562399     0.922630     0.940208
    0.567705     0.928581     0.939377
    0.573010     0.934533     0.938547
    0.578316     0.940484     0.937716
    0.583622     0.946436     0.936886
    0.588927     0.952388     0.936055
    0.594233     0.958339     0.935225
    0.599539     0.964291     0.934394
    0.604844     0.970242     0.933564
    0.610150     0.976194     0.932734
    0.615456     0.982145     0.931903
    0.620761     0.988097     0.931073
    0.626067     0.994048     0.930242
    0.631373     1.000000     0.929412
    0.627266     0.991557     0.921799
    0.623160     0.983114     0.914187
    0.619054     0.974671     0.906574
    0.614948     0.966228     0.898962
    0.610842     0.957785     0.891349
    0.606736     0.949343     0.883737
    0.602630     0.940900     0.876125
    0.598524     0.932457     0.868512
    0.594418     0.924014     0.860900
    0.590311     0.915571     0.853287
    0.586205     0.907128     0.845675
    0.582099     0.898685     0.838062
    0.577993     0.890242     0.830450
    0.573887     0.881799     0.822837
    0.569781     0.873356     0.815225
    0.565675     0.864913     0.807612
    0.561569     0.856471     0.800000
    0.557463     0.848028     0.792388
    0.553356     0.839585     0.784775
    0.549250     0.831142     0.777163
    0.545144     0.822699     0.769550
    0.541038     0.814256     0.761938
    0.536932     0.805813     0.754325
    0.532826     0.797370     0.746713
    0.528720     0.788927     0.739100
    0.524614     0.780484     0.731488
    0.520507     0.772042     0.723875
    0.516401     0.763599     0.716263
    0.512295     0.755156     0.708651
    0.508189     0.746713     0.701038
    0.504083     0.738270     0.693426
    0.499977     0.729827     0.685813
    0.495871     0.721384     0.678201
    0.491765     0.712941     0.670588
    0.487659     0.704498     0.662976
    0.483552     0.696055     0.655363
    0.479446     0.687612     0.647751
    0.475340     0.679170     0.640138
    0.471234     0.670727     0.632526
    0.467128     0.662284     0.624913
    0.463022     0.653841     0.617301
    0.458916     0.645398     0.609689
    0.454810     0.636955     0.602076
    0.450704     0.628512     0.594464
    0.446597     0.620069     0.586851
    0.442491     0.611626     0.579239
    0.438385     0.603183     0.571626
    0.434279     0.594740     0.564014
    0.430173     0.586298     0.556401
    0.426067     0.577855     0.548789
    0.421961     0.569412     0.541176
    0.417855     0.560969     0.533564
    0.413749     0.552526     0.525952
    0.409642     0.544083     0.518339
    0.405536     0.535640     0.510727
    0.401430     0.527197     0.503114
    0.397324     0.518754     0.495502
    0.393218     0.510311     0.487889
    0.389112     0.501869     0.480277
    0.385006     0.493426     0.472664
    0.380900     0.484983     0.465052
    0.376794     0.476540     0.457439
    0.372687     0.468097     0.449827
    0.368581     0.459654     0.442215
    0.364475     0.451211     0.434602
    0.360369     0.442768     0.426990
    0.356263     0.434325     0.419377
    0.352157     0.425882     0.411765
    0.348051     0.417439     0.404152
    0.343945     0.408997     0.396540
    0.339839     0.400554     0.388927
    0.335732     0.392111     0.381315
    0.331626     0.383668     0.373702
    0.327520     0.375225     0.366090
    0.323414     0.366782     0.358478
    0.319308     0.358339     0.350865
    0.315202     0.349896     0.343253
    0.311096     0.341453     0.335640
    0.306990     0.333010     0.328028
    0.302884     0.324567     0.320415
    0.298777     0.316125     0.312803
    0.294671     0.307682     0.305190
    0.290565     0.299239     0.297578
    0.286459     0.290796     0.289965
    0.282353     0.282353     0.282353
    0.290796     0.290750     0.285952
    0.299239     0.299146     0.289550
    0.307682     0.307543     0.293149
    0.316125     0.315940     0.296747
    0.324567     0.324337     0.300346
    0.333010     0.332734     0.303945
    0.341453     0.341130     0.307543
    0.349896     0.349527     0.311142
    0.358339     0.357924     0.314740
    0.366782     0.366321     0.318339
    0.375225     0.374717     0.321938
    0.383668     0.383114     0.325536
    0.392111     0.391511     0.329135
    0.400554     0.399908     0.332734
    0.408997     0.408304     0.336332
    0.417439     0.416701     0.339931
    0.425882     0.425098     0.343529
    0.434325     0.433495     0.347128
    0.442768     0.441892     0.350727
    0.451211     0.450288     0.354325
    0.459654     0.458685     0.357924
    0.468097     0.467082     0.361522
    0.476540     0.475479     0.365121
    0.484983     0.483875     0.368720
    0.493426     0.492272     0.372318
    0.501869     0.500669     0.375917
    0.510311     0.509066     0.379516
    0.518754     0.517463     0.383114
    0.527197     0.525859     0.386713
    0.535640     0.534256     0.390311
    0.544083     0.542653     0.393910
    0.552526     0.551050     0.397509
    0.560969     0.559446     0.401107
    0.569412     0.567843     0.404706
    0.577855     0.576240     0.408304
    0.586298     0.584637     0.411903
    0.594740     0.593033     0.415502
    0.603183     0.601430     0.419100
    0.611626     0.609827     0.422699
    0.620069     0.618224     0.426298
    0.628512     0.626621     0.429896
    0.636955     0.635017     0.433495
    0.645398     0.643414     0.437093
    0.653841     0.651811     0.440692
    0.662284     0.660208     0.444291
    0.670727     0.668604     0.447889
    0.679170     0.677001     0.451488
    0.687612     0.685398     0.455087
    0.696055     0.693795     0.458685
    0.704498     0.702191     0.462284
    0.712941     0.710588     0.465882
    0.721384     0.718985     0.469481
    0.729827     0.727382     0.473080
    0.738270     0.735779     0.476678
    0.746713     0.744175     0.480277
    0.755156     0.752572     0.483875
    0.763599     0.760969     0.487474
    0.772042     0.769366     0.491073
    0.780484     0.777762     0.494671
    0.788927     0.786159     0.498270
    0.797370     0.794556     0.501869
    0.805813     0.802953     0.505467
    0.814256     0.811349     0.509066
    0.822699     0.819746     0.512664
    0.831142     0.828143     0.516263
    0.839585     0.836540     0.519862
    0.848028     0.844937     0.523460
    0.856471     0.853333     0.527059
    0.864913     0.861730     0.530657
    0.873356     0.870127     0.534256
    0.881799     0.878524     0.537855
    0.890242     0.886920     0.541453
    0.898685     0.895317     0.545052
    0.907128     0.903714     0.548651
    0.915571     0.912111     0.552249
    0.924014     0.920507     0.555848
    0.932457     0.928904     0.559446
    0.940900     0.937301     0.563045
    0.949343     0.945698     0.566644
    0.957785     0.954095     0.570242
    0.966228     0.962491     0.573841
    0.974671     0.970888     0.577439
    0.983114     0.979285     0.581038
    0.991557     0.987682     0.584637
    1.000000     0.996078     0.588235
    1.000000     0.989804     0.584498
    1.000000     0.983529     0.580761
    1.000000     0.977255     0.577024
    1.000000     0.970980     0.573287
    1.000000     0.964706     0.569550
    1.000000     0.958431     0.565813
    1.000000     0.952157     0.562076
    1.000000     0.945882     0.558339
    1.000000     0.939608     0.554602
    1.000000     0.933333     0.550865
    1.000000     0.927059     0.547128
    1.000000     0.920784     0.543391
    1.000000     0.914510     0.539654
    1.000000     0.908235     0.535917
    1.000000     0.901961     0.532180
    1.000000     0.895686     0.528443
    1.000000     0.889412     0.524706
    1.000000     0.883137     0.520969
    1.000000     0.876863     0.517232
    1.000000     0.870588     0.513495
    1.000000     0.864314     0.509758
    1.000000     0.858039     0.506021
    1.000000     0.851765     0.502284
    1.000000     0.845490     0.498547
    1.000000     0.839216     0.494810
    1.000000     0.832941     0.491073
    1.000000     0.826667     0.487336
    1.000000     0.820392     0.483599
    1.000000     0.814118     0.479862
    1.000000     0.807843     0.476125
    1.000000     0.801569     0.472388
    1.000000     0.795294     0.468651
    1.000000     0.789020     0.464913
    1.000000     0.782745     0.461176
    1.000000     0.776471     0.457439
    1.000000     0.770196     0.453702
    1.000000     0.763922     0.449965
    1.000000     0.757647     0.446228
    1.000000     0.751373     0.442491
    1.000000     0.745098     0.438754
    1.000000     0.738824     0.435017
    1.000000     0.732549     0.431280
    1.000000     0.726275     0.427543
    1.000000     0.720000     0.423806
    1.000000     0.713725     0.420069
    1.000000     0.707451     0.416332
    1.000000     0.701176     0.412595
    1.000000     0.694902     0.408858
    1.000000     0.688627     0.405121
    1.000000     0.682353     0.401384
    1.000000     0.676078     0.397647
    1.000000     0.669804     0.393910
    1.000000     0.663529     0.390173
    1.000000     0.657255     0.386436
    1.000000     0.650980     0.382699
    1.000000     0.644706     0.378962
    1.000000     0.638431     0.375225
    1.000000     0.632157     0.371488
    1.000000     0.625882     0.367751
    1.000000     0.619608     0.364014
    1.000000     0.613333     0.360277
    1.000000     0.607059     0.356540
    1.000000     0.600784     0.352803
    1.000000     0.594510     0.349066
    1.000000     0.588235     0.345329
    1.000000     0.581961     0.341592
    1.000000     0.575686     0.337855
    1.000000     0.569412     0.334118
    1.000000     0.563137     0.330381
    1.000000     0.556863     0.326644
    1.000000     0.550588     0.322907
    1.000000     0.544314     0.319170
    1.000000     0.538039     0.315433
    1.000000     0.531765     0.311696
    1.000000     0.525490     0.307958
    1.000000     0.519216     0.304221
    1.000000     0.512941     0.300484
    1.000000     0.506667     0.296747
    1.000000     0.500392     0.293010
    1.000000     0.494118     0.289273
    1.000000     0.487843     0.285536
    1.000000     0.481569     0.281799
    1.000000     0.475294     0.278062
    1.000000     0.469020     0.274325
    1.000000     0.462745     0.270588
    0.996494     0.457301     0.269158
    0.992987     0.451857     0.267728
    0.989481     0.446413     0.266298
    0.985975     0.440969     0.264867
    0.982468     0.435525     0.263437
    0.978962     0.430081     0.262007
    0.975456     0.424637     0.260577
    0.971949     0.419193     0.259146
    0.968443     0.413749     0.257716
    0.964937     0.408304     0.256286
    0.961430     0.402860     0.254856
    0.957924     0.397416     0.253426
    0.954418     0.391972     0.251995
    0.950911     0.386528     0.250565
    0.947405     0.381084     0.249135
    0.943899     0.375640     0.247705
    0.940392     0.370196     0.246275
    0.936886     0.364752     0.244844
    0.933379     0.359308     0.243414
    0.929873     0.353864     0.241984
    0.926367     0.348420     0.240554
    0.922860     0.342976     0.239123
    0.919354     0.337532     0.237693
    0.915848     0.332088     0.236263
    0.912341     0.326644     0.234833
    0.908835     0.321200     0.233403
    0.905329     0.315755     0.231972
    0.901822     0.310311     0.230542
    0.898316     0.304867     0.229112
    0.894810     0.299423     0.227682
    0.891303     0.293979     0.226251
    0.887797     0.288535     0.224821
    0.884291     0.283091     0.223391
    0.880784     0.277647     0.221961
    0.877278     0.272203     0.220531
    0.873772     0.266759     0.219100
    0.870265     0.261315     0.217670
    0.866759     0.255871     0.216240
    0.863253     0.250427     0.214810
    0.859746     0.244983     0.213379
    0.856240     0.239539     0.211949
    0.852734     0.234095     0.210519
    0.849227     0.228651     0.209089
    0.845721     0.223206     0.207659
    0.842215     0.217762     0.206228
    0.838708     0.212318     0.204798
    0.835202     0.206874     0.203368
    0.831696     0.201430     0.201938
    0.828189     0.195986     0.200507
    0.824683     0.190542     0.199077
    0.821176     0.185098     0.197647
    0.817670     0.179654     0.196217
    0.814164     0.174210     0.194787
    0.810657     0.168766     0.193356
    0.807151     0.163322     0.191926
    0.803645     0.157878     0.190496
    0.800138     0.152434     0.189066
    0.796632     0.146990     0.187636
    0.793126     0.141546     0.186205
    0.789619     0.136101     0.184775
    0.786113     0.130657     0.183345
    0.782607     0.125213     0.181915
    0.779100     0.119769     0.180484
    0.775594     0.114325     0.179054
    0.772088     0.108881     0.177624
    0.768581     0.103437     0.176194
    0.765075     0.097993     0.174764
    0.761569     0.092549     0.173333
    0.758062     0.087105     0.171903
    0.754556     0.081661     0.170473
    0.751050     0.076217     0.169043
    0.747543     0.070773     0.167612
    0.744037     0.065329     0.166182
    0.740531     0.059885     0.164752
    0.737024     0.054441     0.163322
    0.733518     0.048997     0.161892
    0.730012     0.043552     0.160461
    0.726505     0.038108     0.159031
    0.722999     0.032664     0.157601
    0.719493     0.027220     0.156171
    0.715986     0.021776     0.154740
    0.712480     0.016332     0.153310
    0.708973     0.010888     0.151880
    0.705467     0.005444     0.150450
    0.701961     0.000000     0.149020
    0.701961     0.000000     0.149020
